256
0.000000
0.707098
0.999981
0.720128
0.037145
-0.662009
-0.995694
-0.792776
-0.172387
0.533438
0.961494
0.902551
0.397048
-0.298268
-0.845697
-0.990782
-0.675977
-0.055822
0.584615
0.963150
0.922778
0.491251
-0.141517
-0.711288
-0.990723
-0.877271
-0.425364
0.184177
0.719893
0.988024
0.899956
0.496712
-0.073804
-0.614195
-0.946649
-0.969649
-0.685181
-0.190916
0.356462
0.792481
0.993765
0.910504
0.575050
0.086903
-0.419101
-0.810930
-0.993051
-0.927563
-0.638930
-0.203136
0.274244
0.684547
0.940459
0.993164
0.839400
0.518192
0.099314
-0.333107
-0.697918
-0.931746
-0.998804
-0.894603
-0.643749
-0.293053
0.098208
0.468832
0.765221
0.948548
0.998806
0.915626
0.716228
0.431258
0.099410
-0.238240
-0.543413
-0.784728
-0.940409
-0.999502
-0.961707
-0.836102
-0.639079
-0.391854
-0.117900
0.159428
0.418882
0.642788
0.817966
0.936115
0.993733
0.991670
0.934422
0.829281
0.685427
0.513059
0.322609
0.124087
-0.073419
-0.262096
-0.435612
-0.589191
-0.719591
-0.824991
-0.904827
-0.959600
-0.990657
-0.999985
-0.990007
-0.963409
-0.922983
-0.871504
-0.811636
-0.745854
-0.676405
-0.605272
-0.534174
-0.464559
-0.397624
-0.334336
-0.275452
-0.221548
-0.173053
-0.130269
-0.093399
-0.062574
-0.037869
-0.019324
-0.006957
-0.000773
-0.000773
-0.006957
-0.019324
-0.037869
-0.062574
-0.093399
-0.130269
-0.173053
-0.221548
-0.275452
-0.334336
-0.397624
-0.464559
-0.534174
-0.605272
-0.676405
-0.745854
-0.811636
-0.871504
-0.922983
-0.963409
-0.990007
-0.999985
-0.990657
-0.959600
-0.904827
-0.824991
-0.719591
-0.589191
-0.435612
-0.262096
-0.073419
0.124087
0.322609
0.513059
0.685427
0.829281
0.934422
0.991670
0.993733
0.936115
0.817966
0.642788
0.418882
0.159428
-0.117900
-0.391854
-0.639079
-0.836102
-0.961707
-0.999502
-0.940409
-0.784728
-0.543413
-0.238240
0.099410
0.431258
0.716228
0.915626
0.998806
0.948548
0.765221
0.468832
0.098208
-0.293053
-0.643749
-0.894603
-0.998804
-0.931746
-0.697918
-0.333107
0.099314
0.518192
0.839400
0.993164
0.940459
0.684547
0.274244
-0.203136
-0.638930
-0.927563
-0.993051
-0.810930
-0.419101
0.086903
0.575050
0.910504
0.993765
0.792481
0.356462
-0.190916
-0.685181
-0.969649
-0.946649
-0.614195
-0.073804
0.496712
0.899956
0.988024
0.719893
0.184177
-0.425364
-0.877271
-0.990723
-0.711288
-0.141517
0.491251
0.922778
0.963150
0.584615
-0.055822
-0.675977
-0.990782
-0.845697
-0.298268
0.397048
0.902551
0.961494
0.533438
-0.172387
-0.792776
-0.995694
-0.662009
0.037145
0.720128
0.999981
0.707098
0.000000
