256
1.000000
0.707115
0.006208
-0.693841
-0.999310
-0.749496
-0.092701
0.609513
0.985029
0.845839
0.274825
-0.430582
-0.917798
-0.954482
-0.533663
0.135464
0.736922
0.998441
0.811311
0.268966
-0.385332
-0.871018
-0.989936
-0.702901
-0.135895
0.479996
0.905022
0.982893
0.694085
0.154299
-0.435981
-0.867915
-0.997273
-0.789155
-0.322266
0.244499
0.728373
0.981606
0.934310
0.609896
0.111493
-0.413500
-0.818118
-0.996217
-0.907940
-0.585144
-0.117684
0.373666
0.769265
0.979150
0.961660
0.728969
0.339908
-0.116725
-0.543514
-0.855264
-0.995056
-0.942889
-0.716178
-0.363111
0.048898
0.446862
0.765236
0.956096
0.995166
0.883288
0.643768
0.316635
-0.048850
-0.402031
-0.697866
-0.902229
-0.995047
-0.971206
-0.839466
-0.619841
-0.340044
-0.031568
0.274081
0.548574
0.769141
0.920028
0.993025
0.987210
0.908041
0.766044
0.575267
0.351695
0.111781
-0.128808
-0.356168
-0.558832
-0.728141
-0.858353
-0.946532
-0.992271
-0.997301
-0.965042
-0.900135
-0.807993
-0.694398
-0.565146
-0.425779
-0.281368
-0.136374
0.005435
0.141015
0.268036
0.384842
0.490388
0.584164
0.666109
0.736530
0.796018
0.845375
0.885542
0.917548
0.942454
0.961315
0.975149
0.984912
0.991479
0.995629
0.998040
0.999283
0.999813
0.999976
1.000000
1.000000
0.999976
0.999813
0.999283
0.998040
0.995629
0.991479
0.984912
0.975149
0.961315
0.942454
0.917548
0.885542
0.845375
0.796018
0.736530
0.666109
0.584164
0.490388
0.384842
0.268036
0.141015
0.005435
-0.136374
-0.281368
-0.425779
-0.565146
-0.694398
-0.807993
-0.900135
-0.965042
-0.997301
-0.992271
-0.946532
-0.858353
-0.728141
-0.558832
-0.356168
-0.128808
0.111781
0.351695
0.575267
0.766044
0.908041
0.987210
0.993025
0.920028
0.769141
0.548574
0.274081
-0.031568
-0.340044
-0.619841
-0.839466
-0.971206
-0.995047
-0.902229
-0.697866
-0.402031
-0.048850
0.316635
0.643768
0.883288
0.995166
0.956096
0.765236
0.446862
0.048898
-0.363111
-0.716178
-0.942889
-0.995056
-0.855264
-0.543514
-0.116725
0.339908
0.728969
0.961660
0.979150
0.769265
0.373666
-0.117684
-0.585144
-0.907940
-0.996217
-0.818118
-0.413500
0.111493
0.609896
0.934310
0.981606
0.728373
0.244499
-0.322266
-0.789155
-0.997273
-0.867915
-0.435981
0.154299
0.694085
0.982893
0.905022
0.479996
-0.135895
-0.702901
-0.989936
-0.871018
-0.385332
0.268966
0.811311
0.998441
0.736922
0.135464
-0.533663
-0.954482
-0.917798
-0.430582
0.274825
0.845839
0.985029
0.609513
-0.092701
-0.749496
-0.999310
-0.693841
0.006208
0.707115
1.000000
